SA_temp_1E6
1	0.004	0.002	0.001	0.002	0.002
11	0.031	0.018	0.016	0.015	0.021
22	0.063	0.036	0.042	0.031	0.037
35	0.060	0.059	0.053	0.048	0.061
50	0.079	0.085	0.080	0.069	0.084
67	0.105	0.110	0.114	0.092	0.109
87	0.132	0.150	0.146	0.118	0.136
110	0.166	0.189	0.187	0.148	0.182
136	0.208	0.228	0.226	0.183	0.223
166	0.287	0.274	0.287	0.222	0.274
200	0.323	0.323	0.334	0.264	0.317
239	0.413	0.383	0.424	0.316	0.386
284	0.553	0.486	0.488	0.376	0.443
336	0.683	0.583	0.594	0.443	0.515
396	1.271	0.668	0.652	0.522	0.639
465	1.297	0.781	0.763	0.612	0.826
544	1.266	0.912	0.887	0.714	0.882
635	1.436	1.070	1.037	0.833	0.983
740	1.627	1.315	1.234	0.987	1.195
860	1.802	1.423	1.534	1.496	1.309
998	1.971	1.436	1.577	1.394	1.438
1157	2.192	1.634	1.799	1.586	1.666
1340	2.743	2.188	2.151	1.776	1.928
1550	3.414	2.744	2.390	2.100	2.250
1792	3.967	3.135	2.740	2.665	2.583
2070	4.600	3.729	3.608	3.188	3.399
2390	5.185	3.999	3.753	3.585	3.848
2758	5.965	4.547	3.813	4.007	4.353
3181	6.040	5.505	4.175	4.903	6.487
3668	6.951	6.281	4.833	5.893	6.404
4228	7.865	7.393	5.535	6.757	6.685
4872	8.919	8.578	6.349	7.498	7.923
5612	10.415	9.674	7.319	8.112	8.491
6463	12.191	11.077	8.489	9.709	9.670
7442	13.824	12.706	9.778	12.542	12.331
8568	16.184	14.583	11.265	14.520	14.388
9863	18.149	16.673	12.789	16.310	19.284
11352	26.854	19.674	14.851	17.213	18.498
13064	29.135	20.112	17.153	20.309	22.948
15033	31.320	22.415	19.730	23.595	22.900
17297	38.399	25.288	22.607	27.509	26.223
19901	44.355	33.557	26.078	31.629	30.363
SA_temp_1E8
1	0.001	0.002	0.001	0.001	0.001
11	0.020	0.019	0.015	0.022	0.017
22	0.033	0.044	0.032	0.041	0.032
35	0.058	0.066	0.049	0.066	0.065
50	0.077	0.092	0.070	0.090	0.112
67	0.097	0.122	0.101	0.110	0.111
87	0.133	0.160	0.128	0.162	0.127
110	0.173	0.198	0.158	0.189	0.167
136	0.203	0.244	0.189	0.238	0.206
166	0.246	0.295	0.238	0.311	0.238
200	0.300	0.375	0.302	0.355	0.311
239	0.357	0.438	0.328	0.506	0.385
284	0.420	0.530	0.384	0.534	0.420
336	0.504	0.604	0.458	0.632	0.586
396	0.588	0.723	0.537	0.724	0.576
465	0.758	0.815	0.641	0.817	0.740
544	0.816	1.007	0.744	1.018	0.768
635	0.941	1.283	0.861	1.074	0.990
740	1.100	1.433	1.025	1.289	1.380
860	1.286	1.608	1.175	1.492	1.909
998	1.826	1.856	1.364	1.733	2.057
1157	2.197	2.119	1.589	1.992	2.167
1340	2.479	2.404	1.934	2.283	2.440
1550	2.789	2.698	2.409	2.737	2.373
1792	3.439	2.904	2.683	3.144	2.717
2070	3.437	3.106	3.019	3.611	3.121
2390	4.002	3.571	3.322	3.344	3.712
2758	4.737	4.217	3.806	4.150	4.263
3181	4.722	5.113	4.534	5.669	4.864
3668	5.325	6.026	5.760	6.542	5.793
4228	7.188	6.704	6.177	7.365	6.434
4872	8.614	7.528	6.751	8.640	7.343
5612	10.764	8.735	8.309	9.721	8.714
6463	11.510	10.058	8.811	11.439	9.967
7442	12.652	11.839	10.458	13.349	11.400
8568	14.541	14.271	13.854	15.313	13.110
9863	16.147	15.231	14.561	17.657	15.288
11352	19.554	16.952	15.532	19.965	17.286
13064	23.198	19.279	18.587	22.571	20.107
15033	29.357	21.674	22.292	26.049	22.982
17297	30.177	28.371	24.155	30.371	26.051
19901	36.335	30.717	34.028	29.091	30.478
SA_temp_1E10
1	0.001	0.001	0.002	0.002	0.001
11	0.016	0.018	0.021	0.024	0.018
22	0.034	0.037	0.042	0.065	0.036
35	0.048	0.056	0.064	0.094	0.052
50	0.071	0.082	0.104	0.155	0.077
67	0.095	0.113	0.133	0.178	0.101
87	0.122	0.143	0.161	0.201	0.124
110	0.157	0.175	0.203	0.283	0.159
136	0.195	0.224	0.239	0.351	0.198
166	0.235	0.280	0.306	0.345	0.244
200	0.285	0.342	0.345	0.356	0.288
239	0.341	0.397	0.452	0.397	0.348
284	0.423	0.471	0.545	0.498	0.570
336	0.496	0.594	0.629	0.603	0.957
396	0.597	0.648	0.717	0.675	0.620
465	0.702	0.761	0.831	0.803	0.707
544	0.810	0.905	1.067	0.975	0.817
635	0.964	1.037	1.238	1.142	0.996
740	1.151	1.253	1.319	1.284	1.135
860	1.423	1.505	1.479	1.548	1.642
998	1.938	1.612	1.753	1.757	1.419
1157	1.876	1.996	2.347	2.010	1.653
1340	2.136	2.199	2.735	2.328	1.967
1550	2.411	2.719	3.266	2.731	2.251
1792	3.253	2.904	4.288	3.151	2.544
2070	2.941	3.448	5.046	3.679	2.918
2390	5.378	4.067	6.250	4.457	3.388
2758	4.609	4.664	4.595	4.426	3.930
3181	4.915	5.236	5.417	4.420	4.624
3668	6.911	5.998	5.829	7.609	5.394
4228	8.012	7.330	6.303	7.091	6.383
4872	9.194	7.321	6.581	8.444	7.334
5612	8.407	10.117	7.613	8.539	8.417
6463	9.703	16.445	8.719	9.611	9.696
7442	11.073	18.621	10.095	11.144	11.464
8568	12.999	18.930	11.692	12.931	12.681
9863	14.329	15.119	13.481	14.823	14.566
11352	18.327	22.106	15.575	17.021	16.905
13064	22.605	23.167	17.903	19.571	19.789
15033	25.977	26.842	20.642	23.516	22.790
17297	28.857	33.101	31.299	31.669	26.337
19901	33.479	36.901	34.630	33.467	30.319
SA_temp_1E12
1	0.002	0.001	0.001	0.002	0.002
11	0.016	0.016	0.020	0.017	0.024
22	0.032	0.035	0.040	0.032	0.044
35	0.052	0.054	0.060	0.051	0.076
50	0.076	0.077	0.080	0.071	0.146
67	0.103	0.105	0.111	0.096	0.115
87	0.128	0.129	0.147	0.121	0.147
110	0.169	0.169	0.198	0.157	0.184
136	0.237	0.204	0.230	0.194	0.225
166	0.254	0.259	0.276	0.235	0.287
200	0.308	0.302	0.350	0.281	0.334
239	0.365	0.366	0.386	0.373	0.380
284	0.435	0.431	0.402	0.494	0.472
336	0.502	0.510	0.491	0.511	0.533
396	0.629	0.611	0.585	0.641	0.649
465	0.717	0.709	0.705	0.967	0.770
544	0.847	0.826	0.866	1.168	0.898
635	0.983	0.971	0.940	0.895	1.024
740	1.139	1.148	1.083	1.234	1.277
860	1.333	1.304	1.249	1.313	1.437
998	1.525	1.524	1.662	1.591	1.887
1157	1.772	1.751	1.959	1.840	1.906
1340	2.211	2.039	1.946	2.179	2.157
1550	2.513	2.347	2.371	2.299	2.529
1792	2.727	2.722	2.718	2.509	2.937
2070	3.255	3.090	3.974	3.305	3.360
2390	4.030	3.601	4.295	4.713	3.952
2758	4.581	4.190	5.062	5.032	4.531
3181	5.056	4.792	7.032	5.140	5.077
3668	5.690	5.606	7.872	5.970	5.958
4228	7.374	6.578	9.297	6.863	6.897
4872	8.417	7.617	10.569	7.759	7.747
5612	9.626	8.594	11.806	9.066	9.099
6463	11.901	9.441	17.105	10.496	10.434
7442	12.784	10.963	14.087	12.862	12.005
8568	16.604	12.747	14.427	16.255	13.852
9863	17.813	14.305	16.399	16.843	15.946
11352	19.680	16.795	20.644	18.619	18.717
13064	22.716	19.811	21.849	21.389	21.161
15033	25.173	23.611	25.320	24.728	24.398
17297	26.558	28.001	29.555	28.979	28.119
19901	30.185	32.011	32.990	33.819	32.406
SA_rate_70
1	0.002	0.002	0.001	0.002	0.002
11	0.019	0.020	0.019	0.024	0.022
22	0.039	0.038	0.038	0.046	0.047
35	0.059	0.059	0.060	0.068	0.073
50	0.082	0.073	0.086	0.095	0.104
67	0.106	0.097	0.119	0.130	0.141
87	0.147	0.129	0.165	0.168	0.206
110	0.178	0.167	0.208	0.219	0.264
136	0.215	0.195	0.246	0.269	0.315
166	0.256	0.240	0.298	0.329	0.331
200	0.320	0.283	0.418	0.348	0.460
239	0.403	0.344	0.442	0.842	0.512
284	0.462	0.406	0.495	1.090	0.576
336	0.547	0.472	0.577	1.239	0.662
396	0.638	0.618	0.686	0.737	0.802
465	0.752	1.006	0.789	0.851	0.941
544	0.903	0.927	0.931	0.985	1.101
635	1.033	1.040	1.140	1.177	1.318
740	1.215	1.471	1.292	1.347	1.823
860	1.490	2.399	1.487	1.699	1.816
998	1.846	2.237	1.712	1.857	1.972
1157	1.924	2.371	2.087	2.112	2.078
1340	2.235	2.388	2.410	2.432	2.457
1550	2.584	2.721	2.662	2.832	2.816
1792	2.929	3.227	3.331	3.271	3.398
2070	3.307	4.007	3.629	3.733	3.919
2390	3.909	4.331	4.360	3.916	4.761
2758	4.539	5.069	4.914	5.771	4.988
3181	5.216	5.685	5.845	6.450	5.886
3668	6.022	6.759	6.153	7.272	6.811
4228	6.961	7.778	6.877	8.609	7.564
4872	8.040	8.900	8.943	9.999	8.786
5612	9.167	10.060	11.272	11.493	10.469
6463	10.798	11.665	12.697	13.024	11.856
7442	17.993	13.760	12.705	15.097	13.134
8568	14.868	15.519	17.818	17.096	15.241
9863	16.220	17.892	20.127	20.328	17.877
11352	18.953	20.190	23.705	25.949	19.886
13064	21.713	23.521	26.702	25.966	22.665
15033	24.428	30.745	34.604	29.778	26.252
17297	28.020	36.983	32.636	33.751	30.131
19901	32.324	43.719	44.989	42.217	36.117
SA_rate_80
1	0.002	0.002	0.001	0.003	0.002
11	0.018	0.018	0.019	0.018	0.020
22	0.038	0.036	0.035	0.059	0.048
35	0.058	0.060	0.051	0.074	0.072
50	0.084	0.081	0.073	0.119	0.097
67	0.120	0.111	0.099	0.137	0.134
87	0.148	0.148	0.121	0.201	0.175
110	0.182	0.188	0.163	0.255	0.218
136	0.235	0.214	0.193	0.295	0.256
166	0.273	0.271	0.242	0.437	0.329
200	0.319	0.333	0.277	0.527	0.391
239	0.720	0.406	0.336	0.522	0.454
284	0.625	0.467	0.394	0.632	0.553
336	0.604	0.548	0.481	0.804	0.652
396	0.682	0.637	0.555	0.913	0.770
465	0.795	0.795	0.674	1.002	0.877
544	0.935	0.918	0.807	1.340	1.092
635	1.090	1.108	0.932	1.546	1.261
740	1.288	1.343	1.078	1.570	1.502
860	2.470	1.503	1.275	2.099	1.519
998	3.692	1.657	1.433	2.484	1.891
1157	2.789	2.213	1.652	2.874	2.249
1340	3.065	2.761	1.976	2.995	2.585
1550	3.362	2.887	2.308	4.160	2.911
1792	3.986	3.143	2.568	4.228	3.551
2070	4.420	3.738	2.989	4.741	3.853
2390	5.194	4.055	3.469	6.643	4.718
2758	6.044	4.721	3.924	6.370	5.410
3181	6.888	5.645	4.639	6.600	5.931
3668	7.889	6.481	5.365	8.801	6.932
4228	9.204	8.255	6.081	9.815	8.115
4872	10.284	10.413	7.040	14.277	9.380
5612	12.042	10.048	8.079	16.385	10.631
6463	13.842	11.685	9.324	14.288	12.236
7442	16.262	13.339	10.713	21.235	14.021
8568	18.790	15.564	12.428	24.401	16.147
9863	21.439	17.963	14.443	23.052	18.663
11352	24.584	19.395	17.311	25.595	21.351
13064	28.199	18.735	25.852	30.789	25.146
15033	32.644	21.648	27.723	44.580	28.536
17297	35.453	25.334	37.860	34.512	34.342
19901	33.448	28.815	44.047	38.814	36.790
SA_rate_90
1	0.002	0.002	0.002	0.001	0.002
11	0.021	0.023	0.022	0.017	0.019
22	0.045	0.040	0.044	0.036	0.035
35	0.068	0.081	0.069	0.052	0.058
50	0.094	0.107	0.097	0.070	0.082
67	0.129	0.126	0.130	0.098	0.106
87	0.159	0.167	0.165	0.126	0.141
110	0.214	0.212	0.210	0.156	0.185
136	0.252	0.266	0.269	0.196	0.229
166	0.319	0.313	0.319	0.236	0.283
200	0.388	0.376	0.380	0.291	0.315
239	0.454	0.453	0.447	0.352	0.381
284	0.525	0.545	0.550	0.412	0.450
336	0.684	0.634	0.642	0.501	0.540
396	0.763	0.746	0.760	0.593	0.646
465	0.858	0.882	0.964	0.690	0.738
544	1.012	1.029	1.046	0.809	0.871
635	1.193	1.196	1.223	0.953	0.995
740	1.534	1.413	1.426	1.090	1.188
860	1.652	1.633	1.668	1.282	1.355
998	1.916	1.883	1.961	1.472	1.581
1157	2.354	2.183	2.160	1.718	1.813
1340	2.611	2.552	2.179	1.988	2.160
1550	3.063	2.924	2.580	2.290	2.416
1792	3.487	3.325	3.164	2.618	2.778
2070	3.996	3.934	5.827	3.085	3.227
2390	4.680	4.459	4.425	3.527	3.700
2758	5.314	5.149	4.829	4.100	4.213
3181	5.913	6.036	5.995	4.675	4.969
3668	7.189	6.894	6.847	5.468	5.670
4228	8.024	8.016	7.505	6.282	6.481
4872	9.291	9.190	8.924	7.055	7.406
5612	10.566	10.878	10.400	8.074	8.600
6463	12.360	12.014	11.987	9.595	9.892
7442	14.092	17.155	12.865	11.037	11.517
8568	16.074	16.963	15.096	12.788	13.215
9863	18.828	17.234	17.021	14.604	15.161
11352	21.266	20.950	20.134	19.274	17.675
13064	24.876	24.110	24.100	23.129	20.235
15033	30.238	27.989	26.845	25.301	23.475
17297	34.913	31.141	29.862	27.968	27.638
19901	38.305	36.714	31.510	31.473	33.872
SA_rate_95
1	0.002	0.002	0.002	0.001	0.001
11	0.020	0.019	0.018	0.017	0.016
22	0.038	0.037	0.032	0.034	0.034
35	0.060	0.055	0.064	0.056	0.053
50	0.087	0.074	0.086	0.083	0.077
67	0.117	0.105	0.105	0.099	0.102
87	0.153	0.132	0.146	0.131	0.131
110	0.197	0.164	0.173	0.162	0.172
136	0.242	0.207	0.209	0.202	0.217
166	0.289	0.253	0.220	0.252	0.251
200	0.358	0.304	0.274	0.292	0.310
239	0.417	0.436	0.325	0.358	0.372
284	0.505	0.426	0.398	0.422	0.438
336	0.650	0.503	0.540	0.487	0.515
396	0.747	0.604	0.605	0.605	0.601
465	0.894	0.704	0.750	0.698	0.683
544	0.957	0.867	0.909	0.811	0.794
635	1.120	1.024	1.295	0.934	0.904
740	1.400	1.116	1.169	1.087	1.069
860	1.569	1.308	1.509	1.271	1.273
998	1.710	1.523	2.350	1.478	1.486
1157	1.940	1.882	2.154	1.711	1.791
1340	2.238	2.072	2.214	2.046	2.050
1550	2.605	2.509	2.485	2.228	2.358
1792	3.079	3.079	2.818	2.705	2.653
2070	3.456	3.195	2.808	3.095	3.104
2390	3.945	3.732	3.253	3.618	3.621
2758	4.538	4.417	3.759	4.156	4.047
3181	5.367	4.761	4.525	4.730	4.817
3668	6.099	5.555	6.007	5.542	5.499
4228	7.063	6.392	6.161	6.335	6.885
4872	8.125	7.626	6.953	7.775	7.710
5612	9.453	8.987	8.617	8.809	8.282
6463	12.835	10.232	10.041	10.446	9.367
7442	13.399	12.514	10.832	11.651	11.206
8568	15.056	13.667	12.523	13.571	12.902
9863	18.539	14.276	14.668	15.912	14.944
11352	16.747	15.688	16.616	18.812	17.709
13064	20.905	17.803	19.041	21.855	22.283
15033	23.819	20.947	25.243	25.247	25.634
17297	26.453	25.303	27.141	25.429	30.332
19901	30.517	30.392	31.780	29.755	33.279
